0.0 1.0
0.01 1.1230659230654971
0.02 1.2413063623706793
0.03 1.3549105278360591
0.04 1.464060210355209
0.05 1.5689300726989606
0.06 1.6696879290130908
0.07 1.7664950133567445
0.08 1.8595062377113163
0.09 1.9488704398726597
0.1 2.0347306216233036
0.11 2.117224177565803
0.12 2.1964831149834056
0.13 2.272634265079859
0.14 2.3457994859363867
0.15 2.416095857510606
0.16 2.483635868989432
0.17 2.5485275987957667
0.18 2.6108748875370265
0.19 2.6707775041722597
0.2 2.7283313056637604
0.21 2.7836283903686505
0.22 2.8367572454158942
0.23 2.8878028883045768
0.24 2.936847002950034
0.25 2.983968070395539
0.26 3.029241494398708
0.27 3.072739722093595
0.28 3.114532359921558
0.29 3.1546862850164095
0.3 3.1932657522220937
0.31 3.2303324969141416
0.32 3.265945833789437
0.33 3.3001627517823833
0.34 3.3330380052593522
0.35000000000000003 3.3646242016373473
0.36 3.394971885567091
0.37 3.424129619815247
0.38 3.452144062975201
0.39 3.4790600441307653
0.4 3.5049206345922705
0.41000000000000003 3.5297672168198493
0.42 3.5536395506441987
0.43 3.5765758368907883
0.44 3.598612778509329
0.45 3.6197856393063197
0.46 3.6401283003746583
0.47000000000000003 3.659673314310617
0.48 3.678451957304939
0.49 3.696494279191413
0.5 3.7138291515330186
0.51 3.7304843138225814
0.52 3.7464864178718793
0.53 3.761861070460226
0.54 3.7766328743107787
0.55 3.7908254674601407
0.56 3.8044615610842643
0.5700000000000001 3.8175629758411733
0.58 3.8301506767886715
0.59 3.842244806932906
0.6 3.853864719461472
0.61 3.865029008712642
0.62 3.8757555399302714
0.63 3.8860614778520004
0.64 3.895963314176493
0.65 3.905476893953674
0.66 3.914617440940187
0.67 3.9233995819606524
0.68 3.9318373703137066
0.6900000000000001 3.939944308260276
0.7000000000000001 3.9477333686300753
0.71 3.9552170155809008
0.72 3.9624072245439423
0.73 3.969315501387026
0.74 3.9759529008264574
0.75 3.982330044116925
0.76 3.988457136047773
0.77 3.994343981272841
