0.0 -2.0
0.01 -1.9999877703198654
0.02 -1.9999750332326054
0.03 -1.9999627865175162
0.04 -1.9999521551674022
0.05 -1.99994440760787
0.06 -1.9999409739845293
0.07 -1.9999434667817497
0.08 -1.99995370407024
0.09 -1.9999737357186154
0.1 -2.0000058729468524
0.11 -2.0000527216477084
0.12 -2.000117219956512
0.13 -2.0002026806109736
0.14 -2.0003128387117313
0.15 -2.0004519055722043
0.16 -2.0006246294341232
0.17 -2.0008363639240847
0.18 -2.0010931452380882
0.19 -2.0014017791668417
0.2 -2.0017699392165014
0.21 -2.002206277239475
0.22 -2.002720548170282
0.23 -2.0033237506648165
0.24 -2.004028285670644
0.25 -2.0048481352144765
0.26 -2.0057990639844534
0.27 -2.0068988466134816
0.28 -2.0081675239404415
0.29 -2.009627691943833
0.3 -2.011304827513492
0.31 -2.013227655757107
0.32 -2.01542856413708
0.33 -2.017944069408448
0.34 -2.0208153440898173
0.35000000000000003 -2.0240888100575782
0.36 -2.027816807821383
0.37 -2.0320583511300008
0.38 -2.0368799777868816
0.39 -2.042356708941849
0.4 -2.0485731306892583
0.41000000000000003 -2.055624613566285
0.42 -2.06361868753315
0.43 -2.0726765922587016
0.44 -2.0829350250622016
0.45 -2.0945481117118137
0.46 -2.10768962849328
0.47000000000000003 -2.1225555075848868
0.48 -2.1393666618593197
0.49 -2.1583721698382643
0.5 -2.1798528667180177
0.51 -2.2041253932387983
0.52 -2.2315467607712893
0.53 -2.262519498436378
0.54 -2.2974974564653667
0.55 -2.3369923494691127
0.56 -2.381581133951996
0.5700000000000001 -2.4319143264341307
0.58 -2.4887253821062107
0.59 -2.552841269231334
0.6 -2.62519439174753
0.61 -2.706836031962049
0.62 -2.7989515071440083
0.63 -2.902877258531671
0.64 -3.020120119130736
0.65 -3.1523790380921697
0.66 -3.3015695748752187
0.67 -3.469851516333903
0.68 -3.659660014889246
0.6900000000000001 -3.87374069671384
0.7000000000000001 -4.115189246091979
0.71 -4.3874960366527045
0.72 -4.694596452935107
0.73 -5.040927627784116
0.74 -5.431492413573627
0.75 -5.871931509545621
0.76 -6.368604785142681
0.77 -6.92868297179216
0.78 -7.56025104508474
0.79 -8.2724247878334
0.8 -9.075482214530735
0.81 -9.98101175198303
0.8200000000000001 -11.002079312477244
0.8300000000000001 -12.153416668215469
0.84 -13.4516338428568
0.85 -14.915458582267195
0.86 -16.56600635698529
0.87 -18.42708478909542
0.88 -20.52553689250406
0.89 -22.891628075198234
0.9 -25.55948248299154
0.91 -28.567574975631686
0.92 -31.959285828208674
0.93 -35.78352615512876
0.9400000000000001 -40.09544307354366
0.9500000000000001 -44.95721477274762
0.96 -50.43894695225117
0.97 -56.6196835526973
0.98 -63.588546351573335
0.99 -71.44601985354706
