0.0 1.0
0.2 0.8483333333333334
0.4 0.6296694444444445
0.6000000000000001 0.44746957870370374
0.8 0.31296260926697533
1.0 0.21756066519481743
1.2000000000000002 0.15088469541457566
1.4000000000000001 0.10454694081987659
1.6 0.072413870992349
1.8 0.05015004574735485
2.0 0.03472938578307851
2.2 0.024049915974068005
2.4000000000000004 0.016654300006520944
2.6 0.011532880182712271
2.8000000000000003 0.007986355157289765
3.0 0.005530434349253264
3.2 0.003829744293737972
3.4000000000000004 0.002652041287145553
3.6 0.0018364993164572117
3.8000000000000003 0.0012717485644389058
4.0 0.0008806670327802921
4.2 0.0006098488670797942
4.4 0.0004223113010636515
4.6000000000000005 0.0002924443162632766
4.800000000000001 0.00020251335422495973
5.0 0.00014023749601889816
5.2 9.711238730202883e-05
5.4 6.72488887434766e-05
5.6000000000000005 4.6568858647826105e-05
5.800000000000001 3.224824433949392e-05
6.0 2.233143120049062e-05
6.2 1.5464185095231053e-05
6.4 1.070871895816056e-050.0 1.0
0.2 0.8483333333333334
0.4 0.6296694444444445
0.6000000000000001 0.44746957870370374
0.8 0.31296260926697533
1.0 0.21756066519481743
1.2000000000000002 0.15088469541457566
1.4000000000000001 0.10454694081987659
1.6 0.072413870992349
1.8 0.05015004574735485
2.0 0.03472938578307851
2.2 0.024049915974068005
2.4000000000000004 0.016654300006520944
2.6 0.011532880182712271
2.8000000000000003 0.007986355157289765
3.0 0.005530434349253264
3.2 0.003829744293737972
3.4000000000000004 0.002652041287145553
3.6 0.0018364993164572117
3.8000000000000003 0.0012717485644389058
4.0 0.0008806670327802921
4.2 0.0006098488670797942
4.4 0.0004223113010636515
4.6000000000000005 0.0002924443162632766
4.800000000000001 0.00020251335422495973
5.0 0.00014023749601889816
5.2 9.711238730202883e-05
5.4 6.72488887434766e-05
5.6000000000000005 4.6568858647826105e-05
5.800000000000001 3.224824433949392e-05
6.0 2.233143120049062e-05
6.2 1.5464185095231053e-05
6.4 1.070871895816056e-05
6.6000000000000005 7.4156291468749624e-06
6.800000000000001 5.135213264895216e-06
7.0 3.5560590684431015e-06
7.2 2.462518194658549e-06
7.4 1.7052573487423281e-06
7.6000000000000005 1.1808654375619431e-06
7.800000000000001 8.177318119501422e-07
8.0 5.662671588185815e-07
8.200000000000001 3.9213161389888474e-07
8.4 2.715453301931772e-07
8.6 1.8804111613590906e-07
8.8 1.3021568565544373e-07
9.0 9.017243217415326e-08
9.200000000000001 6.24430726857087e-08
9.4 4.324090226270215e-08
9.600000000000001 2.994368387192602e-08
9.8 2.0735557236400092e-08
10.0 1.4359066030186763e-08
10.200000000000001 9.943440386416108e-09
10.4 6.885685079402405e-09
10.600000000000001 4.768234853348755e-09
10.8 3.301931958041718e-09
11.0 2.286538937544185e-09
11.200000000000001 1.5833943216705236e-09
11.4 1.0964770976483795e-09
11.600000000000001 7.59294137419285e-10
11.8 5.257999354074772e-10
12.0 3.6410866151840435e-10
12.200000000000001 2.521398510442621e-10
12.4 1.7460310946601645e-10
12.600000000000001 1.209100652234858e-10
12.8 8.372842795902772e-11
13.0 5.7980695283988414e-11
13.200000000000001 4.015077205629353e-11
13.4 2.7803814507923374e-11
13.600000000000001 1.925372942037453e-11
13.8 1.3332922232212202e-11
14.0 9.232851016494676e-12
14.200000000000001 6.393612473553204e-12
14.4 4.427481867620873e-12
14.600000000000001 3.065965566289258e-12
14.8 2.123135708904127e-12
15.0 1.4702400079070397e-12
15.200000000000001 1.0181194126145718e-12
15.4 7.050326020023397e-13
15.600000000000001 4.882246264312858e-13
15.8 3.380883170182498e-13
16.0 2.341211481685061e-13
16.2 1.6212542480957963e-13
16.400000000000002 1.1226945355132365e-13
16.6 7.774493245286505e-14
16.8 5.383721333726299e-14
17.0 3.72814722255914e-14
17.2 2.5816866905804896e-14
17.400000000000002 1.787779765774717e-14
17.6 1.2380109881555183e-14
17.8 8.573042586873862e-15
18.0 5.9367049161538e-15
18.2 4.111080156705077e-15
18.400000000000002 2.846862071393611e-15
18.6 1.9714097863845024e-15
18.8 1.3651720555432708e-15
19.0 9.453614129887177e-16
19.200000000000003 6.546487657281947e-16
19.400000000000002 4.533345666336854e-16
19.6 3.1392746777174623e-16
19.8 2.1739011819324588e-16
6.6000000000000005 7.4156291468749624e-06
6.800000000000001 5.135213264895216e-06
7.0 3.5560590684431015e-06
7.2 2.462518194658549e-06
7.4 1.7052573487423281e-06
7.6000000000000005 1.1808654375619431e-06
7.800000000000001 8.177318119501422e-07
8.0 5.662671588185815e-07
8.200000000000001 3.9213161389888474e-07
8.4 2.715453301931772e-07
8.6 1.8804111613590906e-07
8.8 1.3021568565544373e-07
9.0 9.017243217415326e-08
9.200000000000001 6.24430726857087e-08
9.4 4.324090226270215e-08
9.600000000000001 2.994368387192602e-08
9.8 2.0735557236400092e-08
10.0 1.4359066030186763e-08
10.200000000000001 9.943440386416108e-09
10.4 6.885685079402405e-09
10.600000000000001 4.768234853348755e-09
10.8 3.301931958041718e-09
11.0 2.286538937544185e-09
11.200000000000001 1.5833943216705236e-09
11.4 1.0964770976483795e-09
11.600000000000001 7.59294137419285e-10
11.8 5.257999354074772e-10
12.0 3.6410866151840435e-10
12.200000000000001 2.521398510442621e-10
12.4 1.7460310946601645e-10
12.600000000000001 1.209100652234858e-10
12.8 8.372842795902772e-11
13.0 5.7980695283988414e-11
13.200000000000001 4.015077205629353e-11
13.4 2.7803814507923374e-11
13.600000000000001 1.925372942037453e-11
13.8 1.3332922232212202e-11
14.0 9.232851016494676e-12
14.200000000000001 6.393612473553204e-12
14.4 4.427481867620873e-12
14.600000000000001 3.065965566289258e-12
14.8 2.123135708904127e-12
15.0 1.4702400079070397e-12
15.200000000000001 1.0181194126145718e-12
15.4 7.050326020023397e-13
15.600000000000001 4.882246264312858e-13
15.8 3.380883170182498e-13
16.0 2.341211481685061e-13
16.2 1.6212542480957963e-13
16.400000000000002 1.1226945355132365e-13
16.6 7.774493245286505e-14
16.8 5.383721333726299e-14
17.0 3.72814722255914e-14
17.2 2.5816866905804896e-14
17.400000000000002 1.787779765774717e-14
17.6 1.2380109881555183e-14
17.8 8.573042586873862e-15
18.0 5.9367049161538e-15
18.2 4.111080156705077e-15
18.400000000000002 2.846862071393611e-15
18.6 1.9714097863845024e-15
18.8 1.3651720555432708e-15
19.0 9.453614129887177e-16
19.200000000000003 6.546487657281947e-16
19.400000000000002 4.533345666336854e-16
19.6 3.1392746777174623e-16
19.8 2.1739011819324588e-16
