0.0 2
0.2 2.2026666666666666
0.4 2.421333333333333
0.6000000000000001 2.6719999999999997
0.8 2.9706666666666663
1.0 3.333333333333333
1.2000000000000002 3.776
1.4000000000000001 4.314666666666667
1.6 4.965333333333334
1.8 5.744000000000001
2.0 6.666666666666668
2.2 7.749333333333334
2.4000000000000004 9.008000000000001
2.6 10.458666666666668
2.8000000000000003 12.117333333333335
3.0 14.000000000000002
3.2 16.122666666666667
3.4000000000000004 18.501333333333335
3.6 21.152
3.8000000000000003 24.090666666666667
4.0 27.333333333333336
4.2 30.896
4.4 34.79466666666667
4.6000000000000005 39.04533333333334
4.800000000000001 43.66400000000001
5.0 48.66666666666668
5.2 54.06933333333335
5.4 59.88800000000001
5.6000000000000005 66.13866666666668
5.800000000000001 72.83733333333335
6.0 80.00000000000001
6.2 87.64266666666668
6.4 95.78133333333335
6.6000000000000005 104.43200000000002
6.800000000000001 113.61066666666669
7.0 123.33333333333336
7.2 133.616
7.4 144.47466666666668
7.6000000000000005 155.92533333333336
7.800000000000001 167.98400000000004
8.0 180.6666666666667
8.200000000000001 193.98933333333338
8.4 207.96800000000005
8.6 222.6186666666667
8.8 237.95733333333337
9.0 254.00000000000003
9.200000000000001 270.7626666666667
9.4 288.26133333333337
9.600000000000001 306.51200000000006
9.8 325.5306666666667
10.0 345.33333333333337
10.200000000000001 365.93600000000004
10.4 387.35466666666673
10.600000000000001 409.6053333333334
10.8 432.70400000000006
11.0 456.66666666666674
11.200000000000001 481.5093333333334
11.4 507.2480000000001
11.600000000000001 533.8986666666667
11.8 561.4773333333334
12.0 590.0
12.200000000000001 619.4826666666667
12.4 649.9413333333333
12.600000000000001 681.3919999999999
12.8 713.8506666666666
13.0 747.3333333333333
13.200000000000001 781.8559999999999
13.4 817.4346666666665
13.600000000000001 854.0853333333332
13.8 891.8239999999998
14.0 930.6666666666665
14.200000000000001 970.6293333333332
14.4 1011.7279999999998
14.600000000000001 1053.9786666666664
14.8 1097.397333333333
15.0 1141.9999999999998
15.200000000000001 1187.8026666666665
15.4 1234.821333333333
15.600000000000001 1283.0719999999997
15.8 1332.5706666666663
16.0 1383.333333333333
16.2 1435.3759999999997
16.400000000000002 1488.7146666666665
16.6 1543.3653333333332
16.8 1599.3439999999998
17.0 1656.6666666666665
17.2 1715.349333333333
17.400000000000002 1775.4079999999997
17.6 1836.8586666666663
17.8 1899.717333333333
18.0 1963.9999999999998
18.2 2029.7226666666666
18.400000000000002 2096.9013333333332
18.6 2165.5519999999997
18.8 2235.6906666666664
19.0 2307.333333333333
19.200000000000003 2380.4959999999996
19.400000000000002 2455.1946666666663
19.6 2531.445333333333
19.8 2609.2639999999997
