0.0 1.0
0.2 1.0713666666666666
0.4 1.0910845266666667
0.6000000000000001 1.0678032893217777
0.8 1.0101584792883491
1.0 0.9264619743595102
1.2000000000000002 0.8244603328935293
1.4000000000000001 0.7111573554157515
1.6 0.59269564840737
1.8 0.4742907747102735
2.0 0.3602108377553727
2.2 0.25379400169025723
2.4000000000000004 0.15749643783890216
2.6 0.07296344974191643
2.8000000000000003 0.0011170052712521222
3.0 -0.057746461089006246
3.2 -0.10385337138846759
3.4000000000000004 -0.13785004647275062
3.6 -0.16070323852032686
3.8000000000000003 -0.17360711531152792
4.0 -0.17789888774995485
4.2 -0.17498456259511638
4.4 -0.16627566787464185
4.6000000000000005 -0.15313724834351905
4.800000000000001 -0.13684696722668488
5.0 -0.11856477885509523
5.2 -0.0993123518881234
5.4 -0.07996121918448676
5.6000000000000005 -0.061228500663283184
5.800000000000001 -0.04367898097601757
6.0 -0.027732315002536635
6.2 -0.013674171307990531
6.4 -0.0016701970869136933
6.6000000000000005 0.008218211451131434
6.800000000000001 0.016017230362350317
7.0 0.021823788229946545
7.2 0.025789238727164827
7.4 0.02810402621501536
7.6000000000000005 0.02898371845953969
7.800000000000001 0.028656663345419105
8.0 0.027353421218631654
8.200000000000001 0.025298032844927848
8.4 0.02270110576973572
8.6 0.019754639279935142
8.8 0.016628459810806018
9.0 0.013468103680613767
9.200000000000001 0.01039396130571599
9.4 0.007501485154944153
9.600000000000001 0.004862261109010838
9.8 0.002525748006530122
10.0 0.0005215014007091227
10.200000000000001 -0.0011382865969116287
10.4 -0.002456080455535756
10.600000000000001 -0.0034462554304767494
10.8 -0.004132419107883248
11.0 -0.004544884864948393
11.200000000000001 -0.004718361001658515
11.4 -0.004689899950302503
11.600000000000001 -0.0044971345220414
11.8 -0.004176812891316015
12.0 -0.003763631103412138
12.200000000000001 -0.0032893513600730376
12.4 -0.0027821861408253686
12.600000000000001 -0.0022664222269316806
12.8 -0.0017622547271096464
13.0 -0.0012857990360371227
13.200000000000001 -0.0008492480403191687
13.4 -0.00046114256301383683
13.600000000000001 -0.00012672474822185696
13.8 0.00015165341758923578
14.0 0.0003740912033429895
14.200000000000001 0.0005426912163897557
14.4 0.0006611202897798617
14.600000000000001 0.0007341934446272377
14.8 0.0007674917778034441
15.0 0.0007670219325716389
15.200000000000001 0.0007389219191582238
15.4 0.0006892155133694009
15.600000000000001 0.0006236153021749267
15.8 0.0005473726748934653
16.0 0.0004651716706962308
16.2 0.00038106256843782827
16.400000000000002 0.0002984304145141105
16.6 0.00021999329286466417
16.8 0.00014782500838241504
17.0 8.339693876684493e-05
17.2 2.763406796581213e-05
17.400000000000002 -1.9019394133416085e-05
17.6 -5.6528914509701234e-05
17.8 -8.519662420117934e-05
18.0 -0.00010558937534437034
18.2 -0.00011847027369711096
18.400000000000002 -0.00012473553064001406
18.6 -0.00012535795218464256
18.8 -0.00012133790387355195
19.0 -0.00011366216826415791
19.200000000000003 -0.00010327075096796971
19.400000000000002 -9.103139386031402e-05
19.6 -7.772131934208302e-05
19.8 -6.401555455466097e-05

